
State Machine - |TOP|ctrl:ic2|fsm
Name fsm.10011 fsm.10010 fsm.10001 fsm.10000 fsm.01111 fsm.01110 fsm.01101 fsm.01100 fsm.01011 fsm.01010 fsm.01001 fsm.01000 fsm.00111 fsm.00110 fsm.00101 fsm.00100 fsm.00011 fsm.00010 fsm.00001 fsm.00000 
fsm.00000 0 0 0 0 0 0 0 0 0 0 0 0 0 0 0 0 0 0 0 0 
fsm.00001 0 0 0 0 0 0 0 0 0 0 0 0 0 0 0 0 0 0 1 1 
fsm.00010 0 0 0 0 0 0 0 0 0 0 0 0 0 0 0 0 0 1 0 1 
fsm.00011 0 0 0 0 0 0 0 0 0 0 0 0 0 0 0 0 1 0 0 1 
fsm.00100 0 0 0 0 0 0 0 0 0 0 0 0 0 0 0 1 0 0 0 1 
fsm.00101 0 0 0 0 0 0 0 0 0 0 0 0 0 0 1 0 0 0 0 1 
fsm.00110 0 0 0 0 0 0 0 0 0 0 0 0 0 1 0 0 0 0 0 1 
fsm.00111 0 0 0 0 0 0 0 0 0 0 0 0 1 0 0 0 0 0 0 1 
fsm.01000 0 0 0 0 0 0 0 0 0 0 0 1 0 0 0 0 0 0 0 1 
fsm.01001 0 0 0 0 0 0 0 0 0 0 1 0 0 0 0 0 0 0 0 1 
fsm.01010 0 0 0 0 0 0 0 0 0 1 0 0 0 0 0 0 0 0 0 1 
fsm.01011 0 0 0 0 0 0 0 0 1 0 0 0 0 0 0 0 0 0 0 1 
fsm.01100 0 0 0 0 0 0 0 1 0 0 0 0 0 0 0 0 0 0 0 1 
fsm.01101 0 0 0 0 0 0 1 0 0 0 0 0 0 0 0 0 0 0 0 1 
fsm.01110 0 0 0 0 0 1 0 0 0 0 0 0 0 0 0 0 0 0 0 1 
fsm.01111 0 0 0 0 1 0 0 0 0 0 0 0 0 0 0 0 0 0 0 1 
fsm.10000 0 0 0 1 0 0 0 0 0 0 0 0 0 0 0 0 0 0 0 1 
fsm.10001 0 0 1 0 0 0 0 0 0 0 0 0 0 0 0 0 0 0 0 1 
fsm.10010 0 1 0 0 0 0 0 0 0 0 0 0 0 0 0 0 0 0 0 1 
fsm.10011 1 0 0 0 0 0 0 0 0 0 0 0 0 0 0 0 0 0 0 1 
